"calulation_point","Instantaneous Power","Wind Speed","Wind Direction","Air Temperature","Rotor Speed"
"11-28 19:25",219,14.47,191.3,60.8,25
"11-28 19:26",162.7,12.75,198.5,60.8,25
"11-28 19:27",139.9,12.06,187.5,60.8,25
"11-28 19:28",108,11.59,199.1,60.8,25
"11-28 19:29",196,13.02,196.3,60.8,25
"11-28 19:30",124.2,11.97,194.9,60.8,25
"11-28 19:31",194.6,13.65,191.3,60.8,25
"11-28 19:32",281.6,15.41,188.6,60.8,25
"11-28 19:33",182.1,13.2,191.3,60.8,25
"11-28 19:34",183.1,12.91,190.1,60.8,25
"11-28 19:35",331.3,16.55,187.3,60.8,25
"11-28 19:36",174.9,12.97,189.3,60.8,25
"11-28 19:37",140.9,12.37,199.4,60.8,25
"11-28 19:38",133,11.77,194.5,60.8,25
"11-28 19:39",145.8,12.48,191.2,60.8,25
"11-28 19:40",190.6,13.89,194.5,60.8,25
"11-28 19:41",176.7,12.64,191.2,60.8,25
"11-28 19:42",253.6,14.09,197.5,60.8,25
"11-28 19:43",212.3,14.36,189,60.8,25
"11-28 19:44",170.3,12.93,195,60.8,25
"11-28 19:45",221.4,14.63,189.5,60.8,25
"11-28 19:46",124.5,11.5,199.4,60.8,25
"11-28 19:47",205.5,13.47,195.8,60.8,25
"11-28 19:48",204.5,13.15,196.8,60.8,25
"11-28 19:49",112.1,11.3,196.8,60.8,25
"11-28 19:50",178.2,12.5,202,60.8,25
"11-28 19:51",358.1,17.09,201,60.8,25
"11-28 19:52",256.3,14.45,203.2,60.8,25
"11-28 19:53",282.6,15.35,204.3,60.8,25
"11-28 19:54",276.4,15.77,196.7,60.8,25
"11-28 19:55",287.8,17.09,198.8,60.8,25
"11-28 19:56",330.4,16.91,198.9,60.8,25
"11-28 19:57",239.7,14.92,200.2,60.8,25
"11-28 19:58",125.4,11.95,198.1,60.8,25
"11-28 19:59",270.6,15.66,195.1,60.8,25
"11-28 20:06",170.1,14.25,189.7,59,25
"11-28 20:07",248.6,15.05,198.2,59,25
"11-28 20:08",248.3,15.19,199,60.8,25
"11-28 20:09",292.4,15.43,206.2,60.8,25
"11-28 20:13",343.4,17.31,194.2,60.8,25
"11-28 20:14",404.8,18.59,195.2,60.8,25
"11-28 20:24",353.4,17.07,197.3,59,25
"11-28 20:25",312.5,16.28,195.1,60.8,25
"11-28 20:26",463.5,19.93,201.6,60.8,25
"11-28 20:27",366.1,17.78,192.6,60.8,25
"11-28 20:28",320.1,17.81,202.9,59,25
"11-28 20:29",253.8,14.34,207.1,59,25
"11-28 20:44",586.6,21.74,203.6,59,25
"11-28 20:45",614.7,23.85,208.5,60.8,25
"11-28 20:46",571,22.15,201.7,59,25
"11-28 20:47",537.8,21.56,200.2,59,25
"11-28 20:48",407.5,19.37,203.6,59,25
"11-28 20:49",456.6,20.22,203.3,59,25
"11-28 20:51",367.4,17.81,209,59,25
"11-28 20:52",411.3,18.07,207.4,59,25
"11-28 20:53",400.7,17.31,208.9,59,25
"11-28 20:54",474.1,20.04,210,59,25
"11-28 21:02",538.6,21.81,209.6,59,25
"11-28 21:03",440.9,18.77,208.7,59,25
"11-28 21:04",488.4,20.62,210.8,59,25
"11-28 21:05",465.1,18.99,210.2,59,25
"11-28 21:06",524.3,21.07,212.5,59,25
"11-28 21:07",536.2,21.39,210,59,25
"11-28 21:08",391.8,17.81,215.8,59,25
"11-28 21:09",418.3,18.7,216.2,59,25
"11-28 21:10",298.3,16.67,218.3,59,25
"11-28 21:11",0.2,15.32,218.6,59,5.9
"11-28 21:12",0,15.73,218.5,59,2.4
"11-28 21:13",0,21.5,220.9,59,9.8
"11-28 21:14",0,19.6,219.5,59,17.8
"11-28 21:15",74.1,14.36,215,59,24.4
"11-28 21:16",580.6,22.62,220.1,59,25
"11-28 21:17",581.9,22.48,213.7,59,25
"11-28 21:18",450.8,19.69,218.1,59,25
"11-28 21:19",315.5,16.58,215.9,59,25
"11-28 21:37",214.5,14,215,59,25
"11-28 21:38",258.5,15.21,214.1,59,25
"11-28 21:39",386,18.1,214.2,59,25
"11-28 21:45",279,16.33,212.9,59,25
"11-28 21:46",498.5,20.07,209.8,59,25
"11-28 21:47",492.6,20.38,204.7,59,25
"11-28 21:48",331.4,17.18,215.6,59,25
"11-28 21:49",408.7,19.01,214.9,59,25
"11-28 21:50",657.3,24.43,206.1,59,25
"11-28 21:51",630.1,24.38,208,59,25
"11-28 21:52",427.9,20.15,210.8,59,25
"11-28 21:53",366.8,17.49,212.4,59,25
"11-28 21:54",504.9,21.05,216.6,59,25
"11-28 21:55",367.5,18.59,208.4,59,25
"11-28 21:56",376.6,18.34,212.3,59,25
"11-28 21:57",425.2,18.97,211.1,59,25
"11-28 21:58",443.1,19.86,211.7,59,25
"11-28 21:59",323.7,16.42,217.9,59,25
"11-28 22:00",194.3,14.25,210.7,59,25
"11-28 22:01",402,18.19,204.3,59,25
"11-28 22:02",378.8,17.47,216.3,59,25
"11-28 22:03",588.4,22.7,207.7,59,25
"11-28 22:04",386.3,17.54,225.2,59,25
"11-28 22:05",223.9,14.58,223.3,59,25
"11-28 22:06",326.5,15.97,216.4,59,25
"11-28 22:07",361.2,16.6,217.5,59,25
"11-28 22:08",295.7,15.37,216.8,59,25
"11-28 22:09",345.5,16.4,225.8,59,25
"11-28 22:10",350.9,17.54,219.3,59,25
"11-28 22:11",487.9,19.95,226,59,25
"11-28 22:12",461.5,19.86,217.6,59,25
"11-28 22:13",543.8,21.03,222.1,59,25
"11-28 22:14",440.1,19.8,220.5,59,25
"11-28 22:15",553.5,21.85,221.4,59,25
"11-28 22:16",396.4,17.98,222.7,59,25
"11-28 22:17",305.8,16.58,220.3,59,25
"11-28 22:18",238.2,13.69,229.3,59,25
"11-28 22:19",382.3,17.56,216.1,60.8,25
"11-28 22:23",425.3,18.88,226,59,25
"11-28 22:24",501.2,20.87,215.8,59,25
"11-28 22:25",428,19.42,214.2,59,25
"11-28 22:26",382.4,17.9,215.9,59,25
"11-28 22:27",402.9,18.97,218.1,59,25
"11-28 22:28",393.8,18.21,223.6,59,25
"11-28 22:29",539.3,21.59,216.1,59,25
"11-28 22:30",247.8,15.32,222.5,59,25
"11-28 22:31",480.2,19.08,219.2,59,25
"11-28 22:32",424.7,19.35,220.9,59,25
"11-28 22:33",440.4,18.63,223.3,59,25
"11-28 22:34",401.2,19.35,219.4,59,25
"11-28 22:36",393.6,17.29,224,59,25
"11-28 22:37",577.4,22.59,222.3,59,25
"11-28 22:38",364.4,16.89,227.1,59,25
"11-28 22:39",466,20.54,226.7,59,25
"11-28 22:43",412,18.63,226.3,59,25
"11-28 22:44",482.1,19.46,216.6,59,25
"11-28 22:48",256,15.23,223.4,59,25
"11-28 22:49",288,14.99,222.4,59,25
"11-28 22:54",227.6,15.5,223.1,59,25
"11-28 22:55",287.8,15.84,221.4,59,25
"11-28 22:56",376,17.52,219.3,59,25
"11-28 22:57",457.7,19.28,223,59,25
"11-28 22:58",436.1,19.15,224.2,59,25
"11-28 22:59",311.9,17.11,224.1,59,25
"11-28 23:00",208.1,14.38,217.8,59,25
"11-28 23:01",290.8,15.43,223,59,25
"11-28 23:02",297.6,15.37,226.7,59,25
"11-28 23:03",363.9,17.34,224.4,59,25
"11-28 23:04",464.9,18.83,226.4,59,25
"11-28 23:09",513.3,20.85,226.5,59,25
"11-28 23:10",471.5,19.95,221.6,59,25
"11-28 23:11",314.8,15.59,224.4,59,25
"11-28 23:12",132,11.99,225.4,59,25
"11-28 23:13",134.8,11.99,226.3,59,25
"11-28 23:14",289.7,14.65,225.9,59,25
"11-28 23:15",409.3,17.74,230.6,59,25
"11-28 23:16",266.8,15.26,222.8,59,25
"11-28 23:17",188.2,12.84,227.7,59,25
"11-28 23:18",387.1,17.65,226.8,59,25
"11-28 23:19",310.2,16.69,230.9,59,25
"11-28 23:24",255,15.1,224.1,59,25
"11-28 23:37",244.5,13.29,234.7,59,25
"11-28 23:38",415.5,18.28,227.5,59,25
"11-28 23:39",342.2,16.71,226.2,59,25
"11-28 23:46",277.8,15.19,226.4,59,25
"11-28 23:47",243.1,14.43,230.1,59,25
"11-28 23:48",145,12.37,227.9,59,25
"11-28 23:49",216.5,14.07,229.6,59,25
"11-28 23:50",258.3,15.17,226.8,59,25
"11-28 23:51",213.4,14.12,227.9,60.8,25
"11-28 23:52",253.9,14.2,230,59,25
"11-28 23:53",257.2,14.99,223.8,59,25
"11-28 23:54",270.8,15.35,222.2,59,25
"11-28 23:55",160.2,14.03,210.8,59,25
"11-28 23:56",129.6,12.44,216.5,59,25
"11-28 23:57",184.3,13.18,230.9,59,25
"11-28 23:58",243.3,15.23,221.1,59,25
"11-28 23:59",194.4,13.96,225,59,25
"11-29 00:09",272.5,15.95,215.3,59,25
"11-29 00:10",324.8,16.37,219.3,59,25
"11-29 00:11",239.3,15.23,214.6,59,25
"11-29 00:12",175.1,13.44,225.9,59,25
"11-29 00:13",196.2,13.56,217.3,59,25
"11-29 00:14",183.9,13,226.1,59,25
"11-29 00:15",165.4,12.59,216.9,59,25
"11-29 00:16",215.7,14.34,222.6,59,25
"11-29 00:17",146.4,13,220.9,59,25
"11-29 00:18",222.1,14.54,221.9,59,25
"11-29 00:19",166.2,13.42,225.6,59,25
"11-29 00:20",222.4,14.45,221,59,25
"11-29 00:21",159.7,13.24,224.7,59,25
"11-29 00:22",228.5,14.36,224.5,59,25
"11-29 00:23",173.3,13.67,224.4,59,25
"11-29 00:24",128,11.63,227.8,59,25
"11-29 00:30",151.1,12.35,228.3,59,25
"11-29 00:31",159.1,12.44,228.9,59,25
"11-29 00:32",175.7,13.29,226.1,59,25
"11-29 00:33",148.9,12.57,226.5,59,25
"11-29 00:34",161.6,12.17,223.6,59,25
"11-29 00:35",219.2,13.69,228.4,59,25
"11-29 00:36",163.5,12.86,228.6,59,25
"11-29 00:37",152.4,13.02,223.4,59,25
"11-29 00:38",182.3,13.67,228.6,59,25
"11-29 00:39",129.1,11.7,229.5,59,25
"11-29 00:40",144,11.92,228.2,60.8,25
"11-29 00:41",177.6,12.73,225.6,59,25
"11-29 00:42",163.5,13.47,235.2,59,25
"11-29 00:43",125.8,12.8,221.5,59,25
"11-29 00:44",87,9.73,237.7,59,25
"11-29 00:52",154.9,11.81,231.2,59,25
"11-29 00:53",189.9,13.06,235.5,59,25
"11-29 00:54",145.5,12.35,232.5,59,25
"11-29 00:55",179.1,12.93,234.4,60.8,25
"11-29 00:56",134.6,11.61,237.2,60.8,25
"11-29 00:57",242.7,14.38,243,59,25
"11-29 00:58",285.2,15.26,242.3,59,25
"11-29 00:59",196,13.42,243.1,60.8,25
"11-29 01:11",124.8,11.5,263.6,60.8,25
"11-29 01:12",270.9,15.57,249.6,60.8,25
"11-29 01:13",202,14.03,241.4,60.8,25
"11-29 01:14",337.5,16.04,245.1,60.8,25
"11-29 01:15",362.2,17.27,247.2,60.8,25
"11-29 01:16",400,17.54,250.6,60.8,25
"11-29 01:17",284.7,15.37,251.2,60.8,25
"11-29 01:18",450.2,20.11,255.6,60.8,25
"11-29 01:19",258.2,14.56,250,60.8,25
"11-29 01:22",312.4,16.42,249.1,60.8,25
"11-29 01:23",450.9,19.37,243.8,60.8,25
"11-29 01:24",420.5,17.81,247.5,60.8,25
"11-29 01:26",719.7,25.61,244.9,60.8,25
"11-29 01:27",587.5,22.79,243.5,60.8,25
"11-29 01:28",230.4,14.36,246.1,60.8,25
"11-29 01:29",376.4,16.69,249.8,60.8,25
"11-29 01:30",381.6,17.49,253.1,60.8,25
"11-29 01:31",488.4,19.64,255.3,60.8,25
"11-29 01:32",414.4,17.49,251.2,60.8,25
"11-29 01:33",389.1,17.16,253.5,60.8,25
"11-29 01:34",382.1,17.92,252.9,60.8,25
"11-29 01:35",449.1,19.37,243,60.8,25
"11-29 01:36",279.6,15.84,246.1,60.8,25
"11-29 01:37",249.6,15.12,250.8,60.8,25
"11-29 01:38",320.6,15.93,260.4,60.8,25
"11-29 01:39",513.9,20.78,251.8,60.8,25
"11-29 01:40",273.6,15.82,249.4,60.8,25
"11-29 01:41",160.3,13.31,255.5,60.8,25
"11-29 01:42",203.4,13.02,254.1,60.8,25
"11-29 01:43",220.5,13.98,257.9,60.8,25
"11-29 01:44",245.5,14.43,254.3,60.8,25
"11-29 01:45",462,18.39,255.3,60.8,25
"11-29 01:46",237.1,14.7,259.7,60.8,25
"11-29 01:47",220.8,14.16,256.6,60.8,25
"11-29 01:48",301.3,16.17,265.3,60.8,25
"11-29 01:49",107,12.03,246.6,60.8,25
"11-29 01:57",216.9,14.79,254.4,60.8,25
"11-29 01:58",206.4,14.09,244.4,60.8,25
"11-29 01:59",298.8,16.08,247.2,59,25
"11-29 02:01",333.5,16.13,247.7,59,25
"11-29 02:02",392.5,18.54,250.9,59,25
"11-29 02:03",322.4,16.37,258.4,59,25
"11-29 02:04",138.4,12.21,258.8,59,25
"11-29 02:05",322,16.67,263.8,60.8,25
"11-29 02:06",460.1,18.81,243.8,59,25
"11-29 02:07",507.4,21.32,259.1,59,25
"11-29 02:08",414.1,18.88,264.7,59,25
"11-29 02:09",259.6,15.01,259.4,59,25
"11-29 02:10",479.6,19.1,258,59,25
"11-29 02:11",448.1,20.02,246.8,59,25
"11-29 02:12",491.9,20.18,250.6,59,25
"11-29 02:13",446.2,18.83,254.6,59,25
"11-29 02:14",177.4,12.33,261.3,59,25
"11-29 02:15",266.9,14.43,256.9,59,25
"11-29 02:16",520.2,21.43,263.4,59,25
"11-29 02:17",399.7,17.43,264.7,59,25
"11-29 02:18",358.4,16.96,237.5,59,25
"11-29 02:19",210,14.81,254.1,59,25
"11-29 02:29",328.8,17.92,254.4,59,25
"11-29 02:40",308.9,14.32,262.4,59,25
"11-29 02:41",320.4,17.18,263.3,59,25
"11-29 02:42",289.7,15.61,262.3,59,25
"11-29 02:43",229.5,14.58,262.4,59,25
"11-29 02:44",227.7,13.91,259.5,59,25
"11-29 02:45",281.7,14.99,249.6,59,25
"11-29 02:46",441.7,17.9,262.5,59,25
"11-29 02:47",517.7,20.8,256.7,59,25
"11-29 02:48",258.8,14.99,263.9,59,25
"11-29 02:49",161.4,13.06,267,59,25
"11-29 02:50",173.2,12.35,256.5,59,25
"11-29 02:51",147.1,12.37,267.6,59,25
"11-29 02:52",233.5,14.25,262.2,59,25
"11-29 02:53",284.3,14.99,269.3,59,25
"11-29 02:54",148.7,13.24,271.6,59,25
"11-29 02:55",123.2,11.39,259.9,59,25
"11-29 02:56",260.7,14.97,260.3,59,25
"11-29 02:57",308.9,15.97,261.2,59,25
"11-29 02:58",280,14.7,272.2,59,25
"11-29 02:59",299.3,15.05,255.1,59,25
"11-29 03:00",385.8,16.98,255.1,59,25
"11-29 03:01",363.9,18.61,253.5,59,25
"11-29 03:02",69.6,9.46,263.3,59,25
"11-29 03:03",238.9,13.85,260.4,59,25
"11-29 03:04",147.1,12.59,258,59,25
"11-29 03:05",315.3,16.46,257.5,59,25
"11-29 03:06",185.4,12.71,267.9,59,25
"11-29 03:07",236.9,14.2,254.3,59,25
"11-29 03:08",271.4,14.79,261.9,59,25
"11-29 03:09",259.9,15.39,269,59,25
"11-29 03:10",157.3,12.12,268.9,59,25
"11-29 03:11",252.5,14.32,261.6,59,25
"11-29 03:12",121,11.43,270.3,59,25
"11-29 03:13",144.3,11.56,269.7,59,25
"11-29 03:14",291.7,15.19,262.5,59,25
"11-29 03:15",113.5,11.56,274,59,25
"11-29 03:16",225.3,13.4,267.8,59,25
"11-29 03:17",90.9,11.41,254.8,59,25
"11-29 03:18",72,9.84,256.5,59,25
"11-29 03:19",112.5,12.19,263.3,59,25
"11-29 03:20",103,10.09,271.7,59,25
"11-29 03:21",203.4,12.41,266.2,59,25
"11-29 03:22",208.3,13.85,261,59,25
"11-29 03:23",80.4,10.36,266.7,59,25
"11-29 03:24",236.6,14.09,267.1,59,25
"11-29 03:27",181.3,13.58,262.7,57.2,25
"11-29 03:28",42.6,8.88,269.5,59,25
"11-29 03:29",40.5,8.21,269.9,59,25
"11-29 03:30",140.6,11.97,260,59,25
"11-29 03:31",120.2,11.92,268.2,59,25
"11-29 03:32",224.9,12.82,268.6,59,25
"11-29 03:33",212.6,13.4,264,57.2,25
"11-29 03:34",162.3,12.73,271.4,57.2,25
"11-29 03:35",84.7,10.22,266.2,59,25
"11-29 03:36",71.2,9.91,264.2,59,25
"11-29 03:37",64.2,9.78,266.8,57.2,25
"11-29 03:38",100,11.18,272,59,25
"11-29 03:39",113.7,11.81,269.4,59,25
"11-29 03:58",123.5,11.18,295.7,57.2,25
"11-29 03:59",193.3,13.38,277,57.2,25
"11-29 04:00",228.5,12.48,290.1,57.2,25
"11-29 04:01",187.6,14.32,284.2,57.2,25
"11-29 04:02",163.6,12.53,294.1,57.2,25
"11-29 04:03",198.6,13.56,284.2,57.2,25
"11-29 04:04",154.6,12.44,280,57.2,25
"11-29 04:05",90.9,10.42,268.1,57.2,25
"11-29 04:06",77.9,10.31,256.6,57.2,25
"11-29 04:07",25.7,8.72,280.7,57.2,25
"11-29 04:08",29.5,7.94,278.4,57.2,25
"11-29 04:09",12.1,7.52,279.2,57.2,25
"11-29 04:10",35.1,11.83,282.3,57.2,19.8
"11-29 04:11",100.2,11.03,269.9,57.2,16.1
"11-29 04:12",74.4,12.95,278.1,57.2,17.1
"11-29 04:13",61,11.72,282.3,55.4,23.7
"11-29 04:14",206.3,13.6,288.4,57.2,25
"11-29 04:24",122.4,11.25,293.9,57.2,25
"11-29 04:27",478.8,19.69,294.9,55.4,25
"11-29 04:28",318,15.84,299,55.4,25
"11-29 04:29",254.7,14.45,276.9,55.4,25
"11-29 04:30",353.3,16.78,284.7,55.4,25
"11-29 04:31",306.3,15.05,283.8,55.4,25
"11-29 04:32",251.3,14.61,283.2,55.4,25
"11-29 04:33",372.7,16.96,284.1,55.4,25
"11-29 04:34",139.9,12.77,285.4,53.6,25
"11-29 04:35",197,13.02,283.1,53.6,25
"11-29 04:36",230.9,14.27,286.9,55.4,25
"11-29 04:37",71.9,10.87,299.7,53.6,25
"11-29 04:38",129.3,11.5,298.4,55.4,25
"11-29 04:39",437.3,18.86,285.2,53.6,25
"11-29 04:45",166.1,12.53,297,53.6,25
"11-29 04:46",75.4,9.84,292.5,53.6,25
"11-29 04:47",117.3,10.33,287,53.6,25
"11-29 04:48",225.5,13.91,288.3,53.6,25
"11-29 04:49",155.4,12.75,287.6,53.6,25
"11-29 04:50",196.8,13.87,283.2,53.6,25
"11-29 04:51",97.2,10.76,288.5,53.6,25
"11-29 04:52",150.6,11.18,290.3,53.6,25
"11-29 04:53",187.1,12.68,285.1,53.6,25
"11-29 04:54",96.7,10.42,295.3,53.6,25
"11-29 04:55",128.1,11.79,290.2,53.6,25
"11-29 04:56",119.6,11.25,285.2,53.6,25
"11-29 04:57",29.1,8.72,274.5,53.6,25
"11-29 04:58",40.6,8.14,286.5,53.6,25
"11-29 04:59",36.4,6.71,293.9,53.6,25
"11-29 05:00",140.4,11.23,288.3,53.6,25
"11-29 05:01",98.3,9.8,295.3,53.6,25
"11-29 05:02",118.5,10.87,289.9,53.6,25
"11-29 05:03",51.8,9.44,290.3,53.6,25
"11-29 05:04",61.1,9.13,295.1,53.6,25
"11-29 05:05",143.6,11.7,292.7,53.6,25
"11-29 05:06",92.8,10.27,286.9,53.6,25
"11-29 05:07",12.3,6.11,287,53.6,25
"11-29 05:08",13.1,6.93,280.2,53.6,25
"11-29 05:09",9.5,7.02,285.5,53.6,25
"11-29 05:10",46.4,8.46,288.9,53.6,25
"11-29 05:11",9.5,6.6,276.1,53.6,25
"11-29 05:12",61.6,9.37,285,53.6,25
"11-29 05:13",98.4,10.16,286.2,53.6,25
"11-29 05:14",50.4,8.84,294.1,53.6,25
"11-29 05:15",24.8,8.08,282.2,53.6,25
"11-29 05:16",18.7,7.47,280.5,53.6,25
"11-29 05:17",62,9.22,281.5,53.6,25
"11-29 05:18",206.8,13.27,281.1,51.8,25
"11-29 05:19",135.5,11.9,279.4,51.8,25
"11-29 05:21",87.5,10.58,286.8,51.8,25
"11-29 05:22",83.1,9.4,285.5,53.6,25
"11-29 05:23",174.7,12.37,280.1,51.8,25
"11-29 05:24",86.4,10.42,291.3,51.8,25
"11-29 05:25",113,10.25,277.7,51.8,25
"11-29 05:26",138.6,12.15,282.6,51.8,25
"11-29 05:27",132,11.63,283.3,51.8,25
"11-29 05:28",77.7,9.06,286.7,51.8,25
"11-29 05:29",90.6,10.45,282.7,51.8,25
"11-29 05:30",91.7,10.25,292.6,51.8,25
"11-29 05:31",120.9,11.65,287.7,51.8,25
"11-29 05:32",81.8,10.11,284.1,51.8,25
"11-29 05:33",92,11.01,282.1,51.8,25
"11-29 05:34",77.1,9.17,283,51.8,25
"11-29 05:35",95.4,11.03,287.2,51.8,25
"11-29 05:36",26.9,7.74,275.8,51.8,25
"11-29 05:37",57.9,9.46,280.6,51.8,25
"11-29 05:38",12.1,8.52,285.1,51.8,24
"11-29 05:39",95.1,10.71,276.2,51.8,16
"11-29 05:40",108.9,10.51,279.7,51.8,16.1
"11-29 05:41",79.5,13.31,285.1,51.8,17.1
"11-29 05:42",30.6,14.38,282.1,51.8,23.6
"11-29 05:43",103.7,10.74,290.7,51.8,25
"11-29 05:44",71,9.95,282.2,51.8,25
"11-29 05:45",115.9,10.78,292.3,51.8,25
"11-29 05:46",77.6,9.01,276.1,51.8,25
"11-29 05:47",78,9.98,290.9,51.8,25
"11-29 05:48",97.4,10.6,282.2,51.8,25
"11-29 05:49",66,9.73,286.8,51.8,25
"11-29 06:11",41.3,9.46,287.3,51.8,25
"11-29 06:12",188.3,12.59,282.3,50,25
"11-29 06:13",163.8,12.55,282.9,50,25
"11-29 06:14",123.5,11.05,285.1,51.8,25
"11-29 06:15",158.8,11.92,282,50,25
"11-29 06:16",29,8.72,299.1,50,25
"11-29 06:17",242.4,14.03,280.1,51.8,25
"11-29 06:18",124.8,11.3,278.2,50,25
"11-29 06:19",57.3,9.1,280.8,50,25
"11-29 06:21",52.8,8.5,301,50,25
"11-29 06:22",46.4,9.26,283.7,50,25
"11-29 06:23",57.3,8.34,286.2,50,25
"11-29 06:24",79.8,9.98,282.3,50,25
"11-29 06:25",106.5,10.36,278.4,50,25
"11-29 06:26",84.6,9.95,285.2,50,25
"11-29 06:27",111,11.03,282.7,50,25
"11-29 06:28",49.8,8.3,290.7,50,25
"11-29 06:29",51.8,8.79,286.8,50,25
"11-29 06:30",147.6,11.36,290.4,50,25
"11-29 06:31",122.9,11.12,295.2,50,25
"11-29 06:32",67,9.75,290.2,50,25
"11-29 06:33",118.3,10.83,289.1,50,25
"11-29 06:34",73.9,10.02,292.3,50,25
"11-29 06:35",85.3,10.04,289.8,50,25
"11-29 06:36",118.7,10.98,288,50,25
"11-29 06:37",103.2,10.67,292,50,25
"11-29 06:38",83.1,9.86,289.1,50,25
"11-29 06:39",46.9,8.37,295,50,25
"11-29 06:40",53,8.72,285.9,50,25
"11-29 06:41",45.6,8.61,288.1,50,25
"11-29 06:42",49.4,8.88,291.8,50,25
"11-29 06:43",53.5,8.9,289.8,50,25
"11-29 06:44",87.8,10,284.8,50,25
"11-29 06:46",64.2,8.86,289.1,50,25
"11-29 06:47",66.9,9.44,288,50,25
"11-29 06:48",63.3,9.57,287.5,50,25
"11-29 06:49",81.5,9.98,293.7,50,25
"11-29 06:55",68.3,9.1,287.6,50,25
"11-29 06:56",54.7,9.46,290.9,50,25
"11-29 06:57",52.3,9.1,286.6,50,25
"11-29 06:58",26.5,7.99,287.7,50,25
"11-29 06:59",57,9.04,290.9,50,25
"11-29 07:00",147.3,10.98,287,50,25
"11-29 07:01",108.8,10.51,283.4,50,25
"11-29 07:02",178,12.41,283.4,50,25
"11-29 07:03",126.2,12.19,296.5,50,25
"11-29 07:04",195.3,13.73,285.6,50,25
"11-29 07:06",113,9.19,294.6,50,25
"11-29 07:07",129.6,11.3,284.2,50,25
"11-29 07:08",107.2,10.69,290.1,50,25
"11-29 07:09",63.7,9.31,286.9,50,25
"11-29 07:10",110,10.76,290.8,50,25
"11-29 07:11",75.6,10.11,295.6,50,25
"11-29 07:12",92.7,9.98,290.8,50,25
"11-29 07:13",199.8,13.09,286.1,50,25
"11-29 07:14",172.1,12.91,287.7,50,25
"11-29 07:15",168.7,12.5,292.8,50,25
"11-29 07:16",189.9,12.57,285.9,50,25
"11-29 07:17",144.6,11.72,286.9,48.2,25
"11-29 07:18",91.7,10.36,283.3,50,25
"11-29 07:19",59.3,9.53,294,50,25
"11-29 07:20",107.7,11.05,278.5,48.2,25
"11-29 07:21",35.8,8.81,289.5,50,25
"11-29 07:22",176.9,12.95,288.2,48.2,25
"11-29 07:23",84.6,10.74,287.3,48.2,25
"11-29 07:24",57.2,8.55,289.6,50,25
"11-29 07:25",137.8,11.18,285.5,48.2,25
"11-29 07:26",70.1,9.13,279.9,48.2,25
"11-29 07:27",130.5,11.12,288.4,48.2,25
"11-29 07:28",121.3,11.92,280.3,48.2,25
"11-29 07:29",89.8,10.33,284.3,48.2,25
"11-29 07:42",90.4,9.64,287.2,48.2,25
"11-29 07:43",41.7,8.52,293,48.2,25
"11-29 07:44",59.9,9.08,290.6,48.2,25
"11-29 07:45",56,9.17,287.2,48.2,25
"11-29 07:46",26.3,7.45,291.7,48.2,25
"11-29 07:47",90.4,10.02,291.3,48.2,25
"11-29 07:48",155.5,12.26,290.3,48.2,25
"11-29 07:49",98.8,10.42,293,48.2,25
"11-29 07:50",90,10.25,300.8,48.2,25
"11-29 07:51",46.9,8.86,291.5,48.2,25
"11-29 07:52",5.3,5.55,292.1,48.2,24.9
"11-29 07:53",26.5,7.36,283.7,48.2,16.2
"11-29 07:54",80.2,8.79,297.2,48.2,16.1
"11-29 07:55",98.2,10.69,288,48.2,16.1
"11-29 07:56",29,6.58,296,48.2,16
"11-29 07:57",77,8.7,293.5,48.2,16.1
"11-29 07:58",61.3,8.75,289,48.2,16
"11-29 07:59",29.9,7.45,290.8,48.2,16
"11-29 08:00",61.6,8.03,297.9,48.2,16
"11-29 08:01",103.3,11.5,291.3,48.2,16
"11-29 08:02",66.9,8.99,299.7,48.2,16
"11-29 08:03",51.7,8.43,297.3,48.2,16
"11-29 08:04",68.6,9.01,295.5,48.2,16
"11-29 08:05",72.4,9.06,298.1,48.2,16
"11-29 08:06",64.3,8.39,290.3,48.2,16.1
"11-29 08:07",25.8,6.76,285.2,48.2,16
"11-29 08:08",60.6,8.63,301.3,48.2,16
"11-29 08:09",65.7,9.04,288.8,48.2,16
"11-29 08:23",62.8,8.34,291.3,46.4,16
"11-29 08:24",17.8,6.58,309.1,48.2,16
"11-29 08:25",23.6,6.53,302.5,48.2,16
"11-29 08:26",55.2,8.46,297.6,48.2,16
"11-29 08:27",57.3,8.75,293.3,48.2,16
"11-29 08:28",30.5,7.38,297,48.2,16
"11-29 08:29",22.6,6.35,292.4,48.2,16
"11-29 08:30",41.1,7.43,295.1,48.2,16
"11-29 08:31",98,10.27,295.7,48.2,16.1
"11-29 08:32",78.4,9.6,290.5,48.2,16
"11-29 08:33",77.1,10.09,282.1,48.2,16.1
"11-29 08:34",68,8.84,291.6,46.4,16.1
"11-29 08:35",64.7,9.33,291.6,46.4,16.1
"11-29 08:36",51.1,8.32,292.2,46.4,16
"11-29 08:37",44.9,8.5,292.6,48.2,16
"11-29 08:38",8.9,5.06,304.1,48.2,16
"11-29 08:39",26.5,6.93,298.4,48.2,16
"11-29 08:40",26,6.24,287.2,48.2,16
"11-29 08:41",18.1,5.73,297,48.2,16
"11-29 08:42",72.5,8.86,289.5,46.4,16.1
"11-29 08:43",33.4,7.38,301.5,46.4,16
"11-29 08:44",46.8,7.63,295.2,48.2,16
"11-29 08:45",11.1,5.41,296.3,48.2,16
"11-29 08:46",64.9,8.46,292.9,48.2,16
"11-29 08:47",79.5,10.49,291.7,48.2,16.1
"11-29 08:48",69,9.6,284.4,48.2,16.1
"11-29 08:49",44.2,7.54,301.8,48.2,16
"11-29 08:59",211.3,13.47,310.6,48.2,25
"11-29 09:01",76.6,10.54,286.5,46.4,25
"11-29 09:02",92.2,9.93,300.2,46.4,25
"11-29 09:03",128.5,11.05,289.5,48.2,25
"11-29 09:04",17.5,7.14,303.9,48.2,25
"11-29 09:10",148.2,11.65,301.5,48.2,25
"11-29 09:11",180.3,11.83,298.8,46.4,25
"11-29 09:12",143.4,11.79,295.3,48.2,25
"11-29 09:13",132.6,11.5,306.9,48.2,25
"11-29 09:14",102,10.67,305.4,48.2,25
"11-29 09:17",17.1,6.64,327.7,48.2,25
"11-29 09:18",27.2,7.81,311.7,48.2,25
"11-29 09:19",111.1,10.67,314.5,48.2,25
"11-29 09:27",65.4,8.32,290,48.2,16
"11-29 09:28",67.8,9.51,302.8,48.2,16.1
"11-29 09:29",115.4,10.54,305,48.2,16.1
"11-29 09:30",131.8,11.54,305.1,48.2,16.1
"11-29 09:31",100.6,10.63,300.9,48.2,16.1
"11-29 09:32",113.5,10.71,291.2,48.2,16.1
"11-29 09:33",83.1,10.4,312.9,48.2,16
"11-29 09:34",86.1,10.07,320.2,48.2,16.1
"11-29 09:35",66.7,9.1,307.7,48.2,16
"11-29 09:36",47.1,8.25,310.1,48.2,16
"11-29 09:37",44.3,8.57,319.6,48.2,16
"11-29 09:38",87.8,11.65,309,48.2,16.1
"11-29 09:39",0,13,308.7,48.2,20.3
"11-29 09:47",12.2,9.35,314.6,48.2,25
"11-29 09:48",11.3,6.22,297.1,48.2,25
"11-29 09:49",12.8,6.89,297.4,48.2,25
"11-29 09:50",109.3,10.09,300.8,48.2,25
"11-29 09:51",73.6,9.48,301.5,48.2,25
"11-29 09:52",40.7,8.5,301.8,48.2,25
"11-29 09:53",74.9,9.75,300.7,48.2,25
"11-29 09:54",49.6,8.9,304.9,48.2,25
"11-29 09:55",4.8,6.85,296.4,48.2,21.7
"11-29 09:56",59.7,9.04,303.8,48.2,16.1
"11-29 09:57",36.7,7.56,312.9,48.2,16
"11-29 09:58",28.2,7.11,304.6,48.2,16
"11-29 09:59",37.7,7.56,308.6,48.2,16.1
"11-29 10:00",2.4,4.92,320,50,16
"11-29 10:01",0.1,5.01,293.9,50,14
"11-29 10:02",0,6.29,308,50,8.2
"11-29 10:03",0,6.89,303.3,48.2,8
"11-29 10:04",0,9.44,296.5,48.2,10.2
"11-29 10:05",16,7.36,302.4,48.2,15
"11-29 10:06",57.2,9.6,297.1,48.2,16.1
"11-29 10:07",48.5,7.76,305.3,48.2,16
"11-29 10:08",55.6,9.13,293.4,48.2,16
"11-29 10:09",91.9,10.04,318.9,48.2,16.1
"11-29 10:23",168.5,14.16,300.2,48.2,16.3
"11-29 10:24",27.9,13.91,285.1,46.4,18.5
"11-29 10:34",31.3,7.02,282.1,48.2,16
"11-29 10:35",102.1,11.7,282.9,48.2,16.1
"11-29 10:36",68.4,9.57,282.1,48.2,16
"11-29 10:37",32.4,7.47,293.8,48.2,16
"11-29 10:38",14.4,5.35,303.4,48.2,16
"11-29 10:39",115.5,11.23,299.8,48.2,16.1
"11-29 10:40",1.4,9.73,312.6,48.2,20
"11-29 10:41",16.5,8.46,314.6,48.2,25
"11-29 10:42",10.1,8.5,318.7,48.2,22
"11-29 10:43",82.7,9.8,305.4,48.2,16.1
"11-29 10:44",78.7,10.29,321.6,48.2,16
"11-29 10:45",110.7,10.58,299.1,48.2,16.1
"11-29 10:46",95.5,10.2,308,48.2,16
"11-29 10:47",102.8,10.11,313.1,48.2,16
"11-29 10:48",91.7,10.76,310,48.2,16.1
"11-29 10:49",98.7,10.42,304.7,48.2,16.1
"11-29 10:56",46.9,8.1,312.8,48.2,25
"11-29 10:57",78.7,9.62,301.4,48.2,25
"11-29 10:58",46.8,8.84,297.6,48.2,25
"11-29 10:59",27,8.68,295.9,48.2,25
"11-29 11:00",59.3,9.53,297.2,48.2,25
"11-29 11:01",32.9,8.77,290.3,48.2,25
"11-29 11:02",5,6.51,286.8,48.2,17.8
"11-29 11:03",31.4,7.56,288.8,48.2,16
"11-29 11:04",48.2,8.57,285.4,48.2,16
"11-29 11:05",88.8,11.03,314.4,48.2,16.1
"11-29 11:06",2.3,11.65,309.2,46.4,21.1
"11-29 11:07",47.1,8.9,310.5,46.4,25
"11-29 11:08",65.8,9.57,314.1,46.4,25
"11-29 11:09",55.3,9.13,325,48.2,25
"11-29 11:10",37.7,8.84,329.6,48.2,25
"11-29 11:11",32.4,8.66,318.4,48.2,25
"11-29 11:12",24,7.63,327.8,48.2,25
"11-29 11:13",49.3,8.88,326.9,48.2,25
"11-29 11:14",77.6,9.57,331.9,48.2,25
"11-29 11:21",80.5,9.33,323.4,48.2,25
"11-29 11:22",63.1,9.84,310.7,48.2,25
"11-29 11:23",25.4,8.08,316.5,48.2,25
"11-29 11:24",13.9,7.4,313.8,48.2,25
"11-29 11:25",52.2,9.13,288,48.2,25
"11-29 11:26",106,10.56,323.5,48.2,25
"11-29 11:27",145.7,11.65,325.4,48.2,25
"11-29 11:28",110.8,11.3,301.9,48.2,25
"11-29 11:29",117.9,10.85,306,48.2,25
"11-29 11:35",95.4,10.13,281,48.2,16
"11-29 11:36",47.5,7.94,303.1,48.2,16
"11-29 11:37",52.4,7.74,298,48.2,16
"11-29 11:38",47.6,7.36,308.1,48.2,16
"11-29 11:39",56.2,8.63,312.9,48.2,16
"11-29 11:40",37,8.3,329.6,48.2,16
"11-29 11:41",43.7,8.52,221.7,48.2,16
"11-29 11:42",14.7,5.73,199.4,48.2,16
"11-29 11:43",38.9,8.19,316.3,50,16
"11-29 11:44",36.6,7.52,174.4,48.2,16
"11-29 11:45",7.4,5.03,223,48.2,16
"11-29 11:46",30.4,8.21,322.2,48.2,16
"11-29 11:47",8.6,5.08,294.3,48.2,16
"11-29 11:48",66,8.7,329,50,16
"11-29 11:49",50.7,7.81,327.9,48.2,16
"11-29 11:50",29.5,6.91,240,48.2,16
"11-29 11:51",13.2,5.55,245.6,48.2,16
"11-29 11:52",12.9,6.2,310.9,48.2,16
"11-29 11:53",5,4.81,311,50,16
"11-29 11:54",25.7,6.76,310.8,50,16
"11-29 11:55",53.1,7.99,293.9,48.2,16
"11-29 11:56",54.3,9.46,329.2,48.2,16
"11-29 11:57",22.8,8.01,307,48.2,16
"11-29 11:58",27.2,6.91,306.7,50,16
"11-29 11:59",48,7.52,299.1,48.2,16
"11-29 12:00",9.7,5.57,303.3,50,16
"11-29 12:01",45.1,8.08,306.4,48.2,16
"11-29 12:02",64.6,9.66,303.1,48.2,16
"11-29 12:03",0.7,4.94,304,48.2,15.1
"11-29 12:04",0,6.49,279.2,48.2,8.9
"11-29 12:05",0,2.68,286,48.2,7.3
"11-29 12:06",0,3.27,287.6,50,8.8
"11-29 12:07",0,5.01,289.8,50,11.8
"11-29 12:08",13.4,6.02,298.7,48.2,16
"11-29 12:09",6.6,6.2,281.6,48.2,16.1
"11-29 12:10",1.5,6.51,262.6,50,15.2
"11-29 12:11",0,6.87,318.5,48.2,9
"11-29 12:12",0,8.7,307.1,48.2,8
"11-29 12:13",0,10.27,313,48.2,9.4
"11-29 12:14",16.9,11.05,309.2,48.2,15.4
"11-29 12:31",69.6,9.06,204.3,48.2,16
"11-29 12:32",68.9,9.66,272.7,48.2,16.1
"11-29 12:33",25.3,5.99,268.2,48.2,16
"11-29 12:34",27.2,6.42,279.9,48.2,16.1
"11-29 12:40",45.3,7.31,321.7,48.2,16
"11-29 12:41",50.9,8.14,315.6,48.2,16
"11-29 12:42",46.7,7.83,317.5,48.2,16
"11-29 12:43",31.7,6.69,312.3,48.2,16
"11-29 12:44",20,7.11,301.6,48.2,16
"11-29 12:45",30.7,7.43,303.4,48.2,16
"11-29 12:46",56,8.05,310.8,48.2,16.1
"11-29 12:47",19.7,6.38,324,48.2,16
"11-29 12:48",41.6,8.97,338.5,48.2,16
"11-29 12:49",103.5,11.83,318.3,48.2,16.1
"11-29 12:50",54.5,7.54,304.2,48.2,16.1
"11-29 12:51",56.3,8.14,318.1,48.2,16
"11-29 12:52",37,7,326.3,48.2,16
"11-29 12:53",33.9,6.49,324.5,48.2,16
"11-29 12:54",20.8,6.44,328.7,48.2,16
"11-29 12:55",14.9,5.1,313.8,48.2,16
"11-29 12:56",3.9,4.5,317.9,48.2,16
"11-29 12:57",0,3.94,317.1,48.2,14.3
"11-29 12:58",0,4.68,302.1,48.2,8.2
"11-29 12:59",0,6.42,300.5,48.2,8
"11-29 13:00",0,5.95,218.1,48.2,9.6
"11-29 13:01",15.8,7.16,267,48.2,15.5
"11-29 13:02",38.5,7.65,271.1,48.2,16
"11-29 13:03",30.8,6.98,231.2,48.2,16
"11-29 13:04",61.5,8.72,301.3,48.2,16
"11-29 13:05",59.3,7.85,278.4,48.2,16
"11-29 13:06",39.6,7.18,278.1,48.2,16
"11-29 13:07",32.1,7.2,133.9,48.2,16
"11-29 13:08",18.6,6.06,200.3,48.2,16
"11-29 13:09",38.9,7.63,260.2,48.2,16.1
"11-29 13:18",58.6,8.72,313.5,48.2,16
"11-29 13:19",27.6,6.78,312.4,48.2,16
"11-29 13:20",10,5.91,313,48.2,16
"11-29 13:21",0.9,4.12,314.2,48.2,15.9
"11-29 13:22",0,5.14,273,48.2,10.2
"11-29 13:23",0,6.04,286.7,48.2,8
"11-29 13:24",0,7.2,302.3,48.2,8.6
"11-29 13:25",6.2,8.3,310,48.2,14.2
"11-29 13:26",44.1,7.63,299.9,48.2,16
"11-29 13:27",14.4,5.66,298.7,48.2,16
"11-29 13:28",4.7,5.08,314.8,48.2,16
"11-29 13:29",2.1,6.58,332.2,48.2,16
"11-29 13:30",1.1,8.1,349,48.2,16
"11-29 13:31",1.2,5.41,333.8,50,16
"11-29 13:32",0,5.26,289.5,50,11.6
"11-29 13:33",0,5.46,326.6,48.2,7.9
"11-29 13:34",0,6.35,335.4,48.2,8
"11-29 13:35",0,8.72,320.7,48.2,10.2
"11-29 13:36",22.9,7.74,315.1,48.2,15.8
"11-29 13:37",37.1,7.29,311.1,48.2,16
"11-29 13:38",23.9,7.05,311.3,48.2,16
"11-29 13:39",11.3,5.5,313.3,48.2,16
"11-29 13:47",3.4,5.86,98.3,48.2,16
"11-29 13:48",3.7,6.13,150.3,48.2,16
"11-29 13:49",5.1,5.5,297,48.2,16
"11-29 13:51",19.1,6.02,327.2,48.2,16
"11-29 13:52",14,5.93,328.3,48.2,16
"11-29 13:53",2.8,4.56,325.1,48.2,16
"11-29 13:54",6.1,4.81,336.5,48.2,16
"11-29 13:57",0,7.18,311.2,48.2,8
"11-29 13:58",0,5.59,310.5,48.2,8.4
"11-29 13:59",0,5.73,297.7,48.2,12.2
"11-29 14:00",10.4,7.34,319.7,48.2,16
"11-29 14:01",16.1,5.39,319.2,48.2,16
"11-29 14:02",18,5.97,317.6,48.2,16.1
"11-29 14:03",3.7,4.94,303.1,48.2,16
"11-29 14:04",0,5.48,333.3,48.2,13.6
"11-29 14:05",0,3.13,91.7,48.2,7.4
"11-29 14:06",0,0.27,89.7,50,6.2
"11-29 14:07",0,2.15,256.7,51.8,5
"11-29 14:08",0,3.18,293.4,51.8,5.7
"11-29 14:09",0,2.37,290.3,50,7
"11-29 14:10",0,2.48,327,50,7.9
"11-29 14:11",0,3.89,326.1,50,9.4
"11-29 14:12",0,5.3,299,50,11.1
"11-29 14:13",0,5.7,294.7,50,15.5
"11-29 14:14",2.5,5.88,288.5,48.2,16
"11-29 14:15",1.9,6.15,281.6,50,16
"11-29 14:16",3.6,5.88,294.8,50,16
"11-29 14:17",8,6.22,295.4,48.2,16
"11-29 14:18",1.9,4.5,307.7,48.2,16
"11-29 14:23",0,4.99,290.8,48.2,14.1
"11-29 14:24",0,5.59,291.8,48.2,14.8
"11-29 14:25",6.3,6.35,287.7,48.2,16
"11-29 14:26",18,7.38,300.7,50,16
"11-29 14:27",13.1,6.24,325.9,48.2,16
"11-29 14:28",9.8,5.32,290.1,48.2,16
"11-29 14:29",7,5.19,310.1,48.2,16
"11-29 14:31",0.1,3.71,257.7,48.2,14.9
"11-29 14:32",0,4,256,48.2,9.1
"11-29 14:33",0,0.85,240.1,48.2,7
"11-29 14:34",0,0.89,210,50,7
"11-29 14:36",0,5.41,281.3,50,10.4
"11-29 14:37",0,3.6,264.5,48.2,11.7
"11-29 14:38",0,4.45,300.9,48.2,13.4
"11-29 14:39",0,4.9,327.3,50,14
"11-29 14:55",0,0.83,163.5,50,3.5
"11-29 14:56",0,3.2,82.5,50,3.7
"11-29 14:57",0,2.55,299.5,48.2,5.3
"11-29 14:58",0,3.22,308.7,48.2,8.7
"11-29 14:59",0,3.2,315.8,48.2,10.2
"11-29 15:00",0,5.23,326.1,48.2,12.7
"11-29 15:01",0,4.23,266.9,48.2,14
"11-29 15:02",0,4.07,296.7,48.2,13.9
"11-29 15:03",0,3.13,328,48.2,12.7
"11-29 15:04",0,1.9,215.2,48.2,11.1
"11-29 15:05",0,0.16,272,50,9.3
"11-29 15:06",0,0.13,330.3,50,8
"11-29 15:07",0,0.47,283.5,50,7
"11-29 15:08",0,3.56,332.6,50,7.2
"11-29 15:09",0,3.02,229.6,50,8
"11-29 15:11",0,3.04,314.2,50,9.3
"11-29 15:12",0,3.83,312.5,50,11.3
"11-29 15:13",0,3.38,316.5,48.2,12.7
"11-29 15:14",0,4.81,306.3,48.2,14.4
"11-29 15:22",0,0.98,291.1,50,6.5
"11-29 15:23",0,4.03,170.1,50,6.9
"11-29 15:24",0,3.94,84.6,48.2,8
"11-29 15:28",0,2.82,323.1,48.2,11
"11-29 15:29",0,2.93,335.7,48.2,10.9
"11-29 15:30",0,0,334.8,50,9.1
"11-29 15:31",0,2.77,191.8,50,8.4
"11-29 15:32",0,3.29,207.5,50,7.9
"11-29 15:33",0,2.62,323,50,8
"11-29 15:34",0,2.24,159,50,7.6
"11-29 15:35",0,2.46,51,50,6.5
"11-29 15:36",0,3.02,33.5,50,5.9
"11-29 15:37",0,1.23,300.8,50,5.6
"11-29 15:38",0,0.02,310.9,50,6
"11-29 15:39",0,0,297.7,50,5.1
"11-29 15:40",0,1.59,297.2,50,5.4
"11-29 15:41",0,3.24,289.3,50,7
"11-29 15:42",0,3.53,321.9,50,8
"11-29 15:43",0,3.36,315.2,48.2,9.5
"11-29 15:44",0,4.34,304,48.2,10.5
"11-29 15:45",0,2.84,319,48.2,10.6
"11-29 15:46",0,2.35,315.5,48.2,10
"11-29 15:47",0,2.44,325.1,50,9
"11-29 15:48",0,1.19,325.5,50,8.3
"11-29 15:49",0,0.4,327.4,50,7.6
"11-29 15:57",0,1.32,315.4,48.2,6
"11-29 15:58",0,1.36,301.4,48.2,6.1
"11-29 15:59",0,1.48,298.4,48.2,6
"11-29 16:00",0,1.45,296.7,48.2,5.8
"11-29 16:01",0,2.95,317.5,48.2,6.3
"11-29 16:02",0,2.75,306.3,48.2,7.1
"11-29 16:03",0,0.92,299.9,48.2,7.6
"11-29 16:04",0,0.67,310.1,48.2,7
"11-29 16:05",0,0.56,306.8,48.2,7
"11-29 16:06",0,2.68,290.9,50,7
"11-29 16:07",0,3.51,306.3,48.2,7.6
"11-29 16:08",0,2.15,331.9,48.2,8
"11-29 16:09",0,2.77,323,48.2,8.7
"11-29 16:10",0,1.72,321,48.2,9
"11-29 16:11",0,3.67,165,48.2,9.5
"11-29 16:12",0,3.53,20.3,48.2,8.3
"11-29 16:13",0,1.81,148.1,48.2,7
"11-29 16:14",0,0.6,213.5,48.2,6.7
"11-29 16:21",0,0.96,318.4,48.2,5
"11-29 16:22",0,0.43,311.8,48.2,5
"11-29 16:23",0,0.49,302.5,48.2,5
"11-29 16:24",0,3.71,329.6,48.2,6.5
"11-29 16:25",0,1.9,304.7,48.2,7
"11-29 16:26",0,0.67,244.5,48.2,7
"11-29 16:27",0,1.1,235.7,48.2,7
"11-29 16:28",0,0.83,272,48.2,6.2
"11-29 16:29",0,0.16,292.1,48.2,6
"11-29 16:30",0,0.36,265.8,48.2,6
"11-29 16:31",0,0,270.7,48.2,5.4
"11-29 16:32",0,0,247.8,48.2,5
"11-29 16:33",0,0.49,56.8,48.2,5
"11-29 16:34",0,1.23,192.5,48.2,5
"11-29 16:35",0,1.12,236.3,48.2,5.3
"11-29 16:36",0,2.46,223,48.2,6.3
"11-29 16:37",0,3.65,324.7,48.2,8.2
"11-29 16:38",0,3.71,341.9,48.2,10.3
"11-29 16:39",0,3.29,277.1,48.2,11
"11-29 16:40",0,2.53,316.6,48.2,10.9
"11-29 16:41",0,0.63,331.7,48.2,9.9
"11-29 16:42",0,2.51,333,48.2,9
"11-29 16:43",0,3.47,333.5,48.2,10
"11-29 16:44",0,3.74,330.8,48.2,11.2
"11-29 16:45",0,4.68,324.1,48.2,12.9
"11-29 16:46",0,4.09,326.3,48.2,14.2
"11-29 16:47",4.6,5.37,330,48.2,15.8
"11-29 16:48",2.2,4.65,336,48.2,16
"11-29 16:49",3.1,4.68,336,48.2,16.1
"11-29 16:50",5,4.94,337.9,48.2,16
"11-29 16:51",5.9,4.99,334.1,48.2,16
"11-29 16:52",3.6,4.81,341.3,48.2,16
"11-29 16:53",4.1,4.97,341.1,48.2,16
"11-29 16:54",6.3,5.14,334.9,48.2,16
"11-29 16:55",7.1,5.19,340.7,48.2,16
"11-29 16:56",6,4.76,327.8,46.4,16
"11-29 16:57",10.4,5.48,331.7,48.2,16
"11-29 16:58",7.7,5.28,330.9,46.4,16
"11-29 16:59",7.2,5.3,334.9,46.4,16
"11-29 17:00",10.8,5.5,339,46.4,16
"11-29 17:01",9.2,5.41,336.8,46.4,16
"11-29 17:02",11.7,5.14,339.3,46.4,16
"11-29 17:03",14.1,5.59,338.1,46.4,16
"11-29 17:04",14.1,5.48,337.7,46.4,16
"11-29 17:05",16.5,5.57,336.4,46.4,16
"11-29 17:06",22.6,6.04,335,46.4,16
"11-29 17:07",24,6.35,334.5,46.4,16
"11-29 17:08",25.2,6.22,330.1,46.4,16
"11-29 17:09",25.2,6.26,335.5,46.4,16
"11-29 17:10",27.1,6.38,338.8,46.4,16
"11-29 17:11",24.7,6.24,339.4,46.4,16
"11-29 17:12",24.6,6.04,339.8,46.4,16
"11-29 17:13",23.7,6.11,338.8,46.4,16
"11-29 17:14",25.1,6.11,333.7,46.4,16
"11-29 17:15",22.9,6.04,340.4,46.4,16
"11-29 17:16",18.4,5.82,340.9,46.4,16
"11-29 17:17",19.8,5.84,343,46.4,16
"11-29 17:18",18.1,5.73,345,46.4,16
"11-29 17:19",18.2,5.77,339.6,46.4,16
"11-29 17:20",17.5,5.75,335.6,46.4,16
"11-29 17:21",17.1,5.79,339,46.4,16
"11-29 17:22",16.3,5.77,341.1,46.4,16
"11-29 17:23",17.5,5.86,334.6,46.4,16
"11-29 17:24",18.7,5.88,340.1,46.4,16
"11-29 17:25",17.9,5.79,344.4,46.4,16
"11-29 17:26",17.6,5.93,346.2,46.4,16
"11-29 17:27",13.6,5.86,341,46.4,16
"11-29 17:28",12.8,5.61,323.1,46.4,16
"11-29 17:29",10.1,5.53,337.9,46.4,16
"11-29 17:38",34.7,6.96,345.3,46.4,16
"11-29 17:39",37.9,7.02,338.8,46.4,16
"11-29 17:40",45.8,7.83,336.3,44.6,16
"11-29 17:41",46.7,8.32,328.4,44.6,16
"11-29 17:42",44.6,8.01,319.4,44.6,16
"11-29 17:43",42.1,7.83,312.3,44.6,16
"11-29 17:44",41.4,7.61,306.8,44.6,16
"11-29 17:45",45.8,8.03,307.7,44.6,16
"11-29 17:46",50,8.34,315.6,44.6,16
"11-29 17:47",48.3,8.03,310,44.6,16
"11-29 17:48",58.3,8.77,318.3,44.6,16
"11-29 17:49",60.5,8.63,307.5,44.6,16
"11-29 17:50",57.9,8.34,275.7,44.6,16
"11-29 17:51",58.6,8.21,278.1,44.6,16
"11-29 17:52",52.8,7.61,275.8,44.6,16
"11-29 17:53",55.3,7.65,290.4,44.6,16
"11-29 17:54",60.1,8.1,283.4,44.6,16
"11-29 17:56",66.1,8.1,280.4,44.6,16
"11-29 17:57",61.6,7.99,254.5,44.6,16
"11-29 17:58",66.1,8.1,217.7,44.6,16
"11-29 17:59",71.8,8.61,196.4,44.6,16
"11-29 18:00",70.5,8.34,128.1,44.6,16
"11-29 18:01",72.8,8.61,165.8,44.6,16
"11-29 18:02",69.1,8.59,125.4,44.6,16
"11-29 18:03",57.7,8.14,54.8,44.6,16
"11-29 18:04",73.3,9.86,130.8,44.6,16
"11-29 18:19",52.4,8.57,42.3,42.8,16
"11-29 18:22",90.5,10.67,63,42.8,16.1
"11-29 18:23",86.9,10.25,71.9,42.8,16.1
"11-29 18:24",91.9,10.27,108.8,42.8,16
"11-29 18:25",90.2,9.98,62.2,42.8,16
"11-29 18:26",78.9,9.44,47.4,42.8,16
"11-29 18:27",85.8,10.09,73.2,42.8,16
"11-29 18:28",70.9,9.13,40.5,42.8,16.1
"11-29 18:29",92.4,9.89,29,42.8,16.1
"11-29 18:30",75.2,9.98,47,42.8,16
"11-29 18:31",89.6,9.44,32.5,42.8,16
"11-29 18:32",62.7,9.01,29,42.8,16
"11-29 18:33",80.7,9.75,44.3,42.8,16.1
"11-29 18:34",91.7,9.89,26.9,42.8,16.1
"11-29 18:35",92.9,10.07,40.5,42.8,16
"11-29 18:36",75.8,9.4,22,42.8,16.1
"11-29 18:37",92.6,9.89,37,42.8,16
"11-29 18:38",116.4,11.41,30.3,42.8,16.1
"11-29 18:39",102.4,10.04,25.6,42.8,16
"11-29 18:46",92.2,9.89,40.1,41,16.1
"11-29 18:47",77.3,9.04,20.5,41,16
"11-29 18:48",77.4,9.33,26.3,41,16.1
"11-29 18:49",74.6,9.01,35.7,41,16.1
"11-29 18:50",63.5,8.75,26.3,41,16
"11-29 18:51",71.1,8.99,25.4,41,16
"11-29 18:52",68.1,8.88,33,41,16
"11-29 18:53",80.5,9.22,24,41,16
"11-29 18:54",76.2,8.86,26.3,41,16
"11-29 18:55",84,9.42,25.9,41,16
"11-29 18:56",72.4,8.86,24.5,41,16
"11-29 18:57",80.1,9.08,25.6,41,16
"11-29 18:58",72.5,9.08,29.9,41,16.1
"11-29 18:59",59.1,8.57,27,41,16
"11-29 19:00",55.8,8.43,30.4,41,16
"11-29 19:01",53.6,8.39,26.1,41,16
"11-29 19:02",71.3,8.9,26,41,16
"11-29 19:03",77.1,9.15,27.4,41,16
"11-29 19:04",85,10.13,28.2,41,16.1
"11-29 19:05",79.6,10.16,22.6,41,16.1
"11-29 19:06",93.8,10.85,28.7,41,16
"11-29 19:07",88.8,10.29,25.4,41,16.1
"11-29 19:08",85.3,10.29,29.1,41,16
"11-29 19:09",91.7,10.65,28.4,41,16
"11-29 19:10",91.3,10.89,24.7,41,16.1
"11-29 19:11",98.9,11.14,24.8,41,16.1
"11-29 19:12",86.1,10.54,27.7,41,16
"11-29 19:13",85.7,10.56,30.5,41,16
"11-29 19:14",93.4,10.2,39.5,41,16.1
"11-29 19:15",76,9.73,31.4,41,16
"11-29 19:16",61.3,9.08,31.7,41,16
"11-29 19:17",62.9,8.9,31.9,41,16
"11-29 19:18",49.8,7.94,31.3,41,16
"11-29 19:19",54.6,8.32,33,41,16
"11-29 19:20",63.9,9.04,32.5,41,16
"11-29 19:21",55.2,7.87,35.5,41,16
"11-29 19:22",68.1,8.81,39.2,41,16.1
"11-29 19:23",70.6,9.1,36.9,41,16.1
"11-29 19:24",72.9,9.51,37.1,41,16
