"calulation_point","Instantaneous Power","Wind Speed","Wind Direction","Air Temperature","Rotor Speed"
"01-27-2017",0,14.25,242.6,11730.2,0
"01-28-2017",0,14.07,234.4,11823.8,0
"01-29-2017",0,8.12,252.8,11721.2,0
"01-30-2017",0,8.93,249.6,11820.2,0
"01-31-2017",0,14.09,203.6,4821.8,0
"02-01-2017",0,9.71,252.7,33.8,0
"02-02-2017",0,11.07,268.1,10702.4,0
"02-03-2017",0,10.56,260.1,11816.6,0
"02-04-2017",0,11.3,212.2,11795,0
"02-05-2017",0,13.27,240.1,3012.8,0
"02-06-2017",0,9.33,209,4006.4,0
"02-07-2017",0,16.04,188.3,53.6,0
"02-08-2017",0,11.25,218.8,3770.6,0
"02-09-2017",0,13.91,297,11818.4,0
"02-10-2017",0,13.38,194.2,10736.6,0
"02-11-2017",0,8.86,194.5,42.8,0
"02-12-2017",0,14.72,206,41,0
"02-13-2017",28,11.97,284.2,4350.2,8.1
"02-14-2017",180.1,12.77,225.8,42.8,22.8
"02-15-2017",109,11.86,289.9,3997.4,16.2
"02-16-2017",31.6,8.55,263.5,11822,9
"02-17-2017",68.7,8.9,154.4,4704.8,16.2
"02-18-2017",159.8,12.5,223.3,59,24.8
"02-19-2017",67.5,9.04,251.1,55.4,17.9
"02-20-2017",61.3,7.7,87.4,53.6,16.2
"02-21-2017",83.4,9.71,177.9,59,19.4
"02-22-2017",61.2,9.1,205.5,59,18.5
"02-23-2017",100.6,10.51,198.1,62.6,21.6
"02-24-2017",224.9,14.27,181.3,69.8,22.9
"02-25-2017",291.3,15.68,244.5,2157.8,24.1
"02-26-2017",80.9,10.83,226,6242,15.3
"02-27-2017",71.4,9.64,193.3,44.6,19
"02-28-2017",198.4,13.13,166.3,51.8,21.2
"03-01-2017",421,19.71,220.6,55.4,23.7
"03-02-2017",197.2,12.71,284.4,5529.2,22.1
"03-03-2017",103.6,9.51,276.3,11822,18.6
"03-04-2017",42.1,7.29,219.6,11703.2,15.7
"03-05-2017",121.5,11.21,115.8,5594,24.2
"03-06-2017",162.7,13.58,175.4,51.8,22.1
"03-07-2017",233.4,16.96,213,53.6,18.1
"03-08-2017",238.2,16.37,227.1,46.4,21.9
"03-09-2017",0.3,8.03,255.9,39.2,0.9
"03-10-2017",74.6,12.64,310,7773.8,10.1
"03-11-2017",0,11.48,287,11816.6,0.3
"03-12-2017",0,7.23,253.6,11818.4,0
"03-13-2017",0,10,71.9,11820.2,0.1
"03-14-2017",0,14.9,225.3,11816.6,0.6
"03-15-2017",0,16.84,300.3,11818.4,0.8
"03-16-2017",0,11.79,288.4,7084.4,0.3
"03-17-2017",0,9.93,186.2,3477.2,0.1
"03-18-2017",0,8.95,235.8,35.6,0.1
"03-19-2017",0,4.7,282.6,35.6,0
"03-20-2017",0,6.64,151.6,41,0
"03-21-2017",0,8.86,263.8,44.6,0.2
"03-22-2017",0,11.43,271,11220.8,0.4
"03-23-2017",0,8.34,124.5,5327.6,0
"03-24-2017",0,16.24,204.5,59,0.7
"03-25-2017",0,9.89,159.8,60.8,0
"03-26-2017",0,13.69,146.4,59,0.3
"03-27-2017",0,8.77,205.4,57.2,0
"03-28-2017",0,8.86,213.3,46.4,0
"03-29-2017",0,8.25,105.4,46.4,0
"03-30-2017",0,14.94,87.9,44.6,0.6
"03-31-2017",0,9.13,179.8,50,0.1
"04-01-2017",0,8.95,292.3,39.2,0
"04-02-2017",0,7.29,197.9,48.2,0
"04-03-2017",0,11.86,135.5,59,0.1
"04-04-2017",0,15.9,237,55.4,0.7
"04-05-2017",0,9.66,144.5,51.8,0.2
"04-06-2017",0,13.35,219,48.2,0.4
"04-07-2017",0,18.32,318.3,33.8,1.1
"04-13-2017",23.1,7.25,61.6,55.4,12
"04-14-2017",45.3,9.44,68.1,60.8,7.2
"04-15-2017",33.5,14.41,179.9,69.8,5.6
"04-16-2017",176.3,13.27,207.1,75.2,25
"04-19-2017",57.4,8.77,213.1,68,15.2
"04-20-2017",89.4,9.24,216.1,69.8,16.6
"04-21-2017",81.4,9.86,284.3,55.4,19.7
"04-22-2017",47.2,8.08,255.5,44.6,17.3
"04-24-2017",180.8,13.56,106.1,68,22.3
"04-25-2017",130.4,11.74,116.3,64.4,23.3
"04-26-2017",86.1,10.31,143.7,69.8,19.6
"04-27-2017",154.6,12.82,192.7,71.6,22.4
"04-28-2017",55.2,8.75,198.7,57.2,13.4
"04-29-2017",27.9,5.88,141.5,55.4,12.4
"04-30-2017",161.7,12.24,150.9,69.8,20.6
"05-01-2017",256.8,15.43,195.3,69.8,24.3
"05-02-2017",288.9,15.68,234.7,51.8,24.8
"05-03-2017",42.9,7.61,215.4,50,16.7
"05-04-2017",145.4,11.77,89.2,53.6,23.1
"05-05-2017",123.8,11.07,175.6,53.6,22.2
"05-06-2017",228.6,13.8,311.2,44.6,24.2
"05-07-2017",133.7,10.76,264.7,48.2,21.8
"05-08-2017",48.4,7.94,273.8,48.2,16.4
"05-09-2017",35.2,7.18,192.5,53.6,14.2
"05-10-2017",40,7.23,72.8,59,14.3
"05-11-2017",62.4,8.79,79,57.2,18.5
"05-12-2017",6.8,5.06,101.9,55.4,13.6
"05-13-2017",24.6,6.17,220.9,59,12.2
"05-14-2017",97.2,10.42,250.8,59,20.5
"05-15-2017",34,6.8,215.6,59,16.1
"05-16-2017",88.1,10.33,160.2,73.4,19.3
"05-17-2017",192.7,14.56,206.7,82.4,24.1
"05-18-2017",238,15.75,207.9,80.6,24.8
"05-19-2017",43.4,7.87,209.5,60.8,15.5
"05-20-2017",64,8.84,91.7,62.6,18.6
"05-21-2017",104.3,11.3,159.3,68,22.1
"05-22-2017",67.6,9.75,248,64.4,17.9
"05-23-2017",52.7,8.75,146.3,68,15.6
"05-24-2017",94.7,10.56,111.6,64.4,20.8
"05-25-2017",64.4,7.99,182.7,60.8,17.2
"05-26-2017",59.7,8.59,275.2,60.8,16.9
"05-27-2017",20.5,6.11,110.8,68,10.6
"05-28-2017",40.6,8.23,148.4,68,14.5
"05-29-2017",80.8,10.29,219.4,71.6,18.8
"05-30-2017",115.3,10.78,228.4,71.6,19.3
"05-31-2017",19.7,11.1,245.7,68,8.1
"06-01-2017",41.1,7.61,251.4,66.2,10.9
"06-02-2017",0,9.4,266.6,68,0
"06-03-2017",0,8.19,227.3,73.4,0
"06-04-2017",0,12.44,210.7,73.4,0
"06-05-2017",0,10.78,284.2,64.4,0
"06-06-2017",0,10.6,279.1,57.2,0
"06-07-2017",0,8.68,61.1,57.2,0
"06-08-2017",0,7.16,125.7,66.2,0
"06-09-2017",0,10.27,223.9,68,0
"06-10-2017",0,13.98,219.9,77,0
"06-11-2017",0,14.83,221.5,78.8,0
"06-12-2017",0,12.91,223.8,82.4,0
"06-13-2017",0,9.48,260.9,82.4,0
"06-14-2017",0,5.95,124.3,78.8,0
"06-15-2017",0,8.08,240.3,78.8,0
"06-16-2017",0,7.4,219.5,80.6,0
"06-17-2017",48.2,10.94,173.7,82.4,10
"06-18-2017",60.8,13.78,212.7,78.8,6.8
"06-19-2017",36.4,7.63,242.9,71.6,11.7
"06-20-2017",101,10.76,252,69.8,20.2
"06-21-2017",9.6,5.84,221.5,69.8,7.4
"06-22-2017",32.1,11.27,176.4,77,9.5
"06-23-2017",70.3,11.72,212.4,75.2,15.1
"06-24-2017",26.9,10.02,268,71.6,8.6
"06-25-2017",12.5,12.21,249.9,66.2,2
"06-26-2017",26.4,10.07,247.5,64.4,7.9
"06-27-2017",7,9.86,248.2,60.8,2.2
"06-28-2017",12.1,10.78,207.5,68,3.7
"06-29-2017",0,13.98,198.8,75.2,0.2
"06-30-2017",32.7,10.49,199.9,75.2,6.6
"07-01-2017",0,10.22,221.6,73.4,0
"07-02-2017",0,10.45,256.3,75.2,0
"07-03-2017",0.2,7.74,194.2,75.2,0.7
"07-04-2017",0,9.71,69.6,73.4,0
"07-05-2017",0,8.14,146.6,77,0
"07-06-2017",1.2,5.03,205.6,78.8,2.1
"07-07-2017",54.9,9.15,227.1,75.2,17.4
"07-08-2017",46.6,8.39,265.9,71.6,16.8
"07-09-2017",35.1,7.83,221.8,73.4,14.4
"07-10-2017",59.8,9.33,183.5,69.8,16.5
"07-11-2017",24.8,7.74,208,77,13.9
"07-12-2017",59.2,10.63,216.5,78.8,14.6
"07-13-2017",111.3,11.56,218.4,78.8,21.7
"07-14-2017",20.3,7.96,302.8,78.8,12.4
"07-15-2017",17.2,6.2,299.2,73.4,14.4
"07-16-2017",19.1,7.4,226.1,75.2,11
"07-17-2017",5.4,6.26,281.3,73.4,9.9
"07-18-2017",6.3,4.76,151.4,78.8,6.8
"07-19-2017",20,7.38,251.6,84.2,11.2
"07-20-2017",47.1,8.23,246.7,82.4,13.9
"07-21-2017",11.4,5.75,237.5,82.4,12.4
"07-22-2017",24.7,6.93,190.4,78.8,13.6
"07-23-2017",16.4,6.11,270.7,78.8,14.4
"07-24-2017",75,10.27,298.5,71.6,17.1
"07-25-2017",0,6.98,212.5,68,0
"07-26-2017",6.8,7.27,142.6,71.6,2.5
"07-27-2017",18.2,6.2,192.3,78.8,12.6
"07-28-2017",106.8,10.83,60.1,73.4,19.1
"07-29-2017",85.6,11.72,101.3,71.6,17
"07-30-2017",57.8,9.31,232.2,77,17.8
"07-31-2017",9.2,6.04,302.1,78.8,14
"08-01-2017",6.6,5.5,233,80.6,11.4
"08-02-2017",15.3,6.38,188.6,78.8,10.8
"08-03-2017",31.5,7.63,156.9,77,15.1
"08-04-2017",115.3,11.81,210.3,73.4,19.4
"08-05-2017",94.9,10.33,260.7,68,21.3
"08-06-2017",8.9,4.68,206.4,69.8,9.5
"08-07-2017",12.2,5.66,243.1,71.6,8.4
"08-08-2017",45.4,7.87,267.3,71.6,13.9
"08-09-2017",42.9,8.12,179.3,75.2,14.3
"08-10-2017",53.5,8.77,147.1,73.4,16.5
"08-11-2017",43.2,8.39,178.1,73.4,16.8
"08-12-2017",40.7,8.39,270.4,71.6,16.9
"08-13-2017",31,6.96,203.5,71.6,13
"08-14-2017",35.6,7.11,141.5,77,12.1
"08-15-2017",31.4,7.67,223.7,77,14.8
"08-16-2017",27.9,6.87,96.9,77,13.5
"08-17-2017",90.9,10.98,168,78.8,20.9
"08-18-2017",78.7,10.31,246.1,78.8,18.5
"08-19-2017",43,7.83,267.4,73.4,16.2
"08-20-2017",26,6.76,177,77,11.5
"08-21-2017",44.7,8.46,208,82.4,14.9
"08-22-2017",134.6,12.24,231.5,78.8,23.7
"08-23-2017",31.4,7.36,280.3,71.6,16.3
"08-24-2017",27,6.8,143.2,66.2,13.9
"08-25-2017",27.5,7.05,234.3,66.2,15.4
"08-26-2017",26.5,5.66,112.8,68,9.3
"08-27-2017",49,8.08,96.3,69.8,15.9
"08-28-2017",94.2,11.61,131.1,71.6,21.9
"08-29-2017",41.2,7.96,129.4,69.8,15.1
"08-30-2017",15.7,5.84,213.2,71.6,10.9
"08-31-2017",53.2,8.93,212.9,68,17.1
"09-01-2017",81.3,10.56,61.9,60.8,19.2
"09-02-2017",104.9,10.65,107.8,60.8,21
"09-03-2017",57.8,9.4,253.7,66.2,17.5
"09-04-2017",223.9,15.14,213.4,75.2,22.4
"09-05-2017",39,6.89,264.2,68,12.6
"09-06-2017",17.2,6.06,250.9,60.8,12.2
"09-07-2017",44,8.97,245.8,57.2,15
"09-08-2017",35.5,9.73,279.9,59,10.8
"09-09-2017",1.3,9.31,87.9,59,1.6
"09-10-2017",0,11.9,79.9,59,0
"09-11-2017",30.3,9.95,86.8,64.4,11.5
"09-12-2017",59.2,8.95,100.2,69.8,17.6
"09-13-2017",31.3,8.08,192.2,71.6,13.3
"09-14-2017",4.2,4.92,199.7,66.2,11.1
"09-15-2017",8.5,5.19,180.9,71.6,12.3
"09-16-2017",16,5.73,134.5,75.2,11.5
"09-17-2017",17.7,5.64,131.6,77,9.2
"09-18-2017",22.9,6.17,173.9,78.8,12.6
"09-19-2017",21.2,6.87,123,75.2,7.7
"09-20-2017",19.4,5.68,163.8,77,8.9
"09-21-2017",23.7,6.17,177.6,80.6,8.4
"09-22-2017",43.9,7.94,102.6,80.6,11.9
"09-23-2017",25.3,6.89,124,82.4,12.9
"09-24-2017",40.6,8.59,92,84.2,14.9
"09-25-2017",36.3,8.05,135.2,84.2,14.7
"09-26-2017",14.3,6.53,194.6,84.2,14
"09-27-2017",34.8,8.1,241.6,78.8,15.7
"09-28-2017",30.9,7.61,254,62.6,12.6
"09-29-2017",90,10.69,263.6,60.8,16.4
"09-30-2017",24.8,9.17,137.7,55.4,7.1
"10-01-2017",55.1,8.72,116.8,60.8,15.6
"10-02-2017",65.1,9.37,154.2,68,16.9
"10-03-2017",75.7,10.45,170.1,73.4,19
"10-04-2017",70.5,10.71,218.9,73.4,16.6
"10-05-2017",17.4,6.2,249.5,68,14.2
"10-06-2017",22.5,6.89,199.9,68,15.8
"10-07-2017",163.7,12.97,175,75.2,21.2
"10-08-2017",104.4,10.29,194.3,69.8,19.1
"10-09-2017",29.8,6.76,228.1,69.8,12.8
"10-10-2017",12.6,5.14,191.1,69.8,10.4
"10-11-2017",59.1,8.75,67.9,64.4,18.3
"10-12-2017",20.5,6.31,106.3,62.6,13.9
"10-13-2017",41.9,7.99,146.8,66.2,13.2
"10-14-2017",41.1,8.39,170.2,71.6,15.2
"10-15-2017",306.7,16.84,235.1,69.8,24.4
"10-16-2017",0.4,8.84,304.1,51.8,0.1
"10-17-2017",71.8,11.48,213.2,57.2,14.4
"10-18-2017",76.4,10,197.6,62.6,19.3
"10-19-2017",78.9,11.07,237,64.4,17.5
"10-20-2017",30.7,7.14,202.4,68,12.1
"10-21-2017",65.3,9.69,176.1,68,19.1
"10-22-2017",82.7,10.96,169.5,69.8,19.5
"10-23-2017",213.6,14.23,148.9,64.4,23.1
"10-24-2017",242.3,14.58,207,53.6,24.3
"10-25-2017",84.6,9.93,225.4,48.2,20.5
"10-26-2017",30.1,6.58,230.7,50,11.3
"10-27-2017",139.3,12.64,199.8,57.2,20.6
"10-28-2017",21.6,6.15,251.1,42.8,14.7
"10-29-2017",37.9,7.16,285,42.8,16.5
"10-30-2017",190.4,13.11,239,42.8,24.8
"10-31-2017",113.8,10.25,230.9,41,21
"11-01-2017",40.7,7.61,142.4,42.8,16.8
"11-02-2017",193.3,13.56,188,62.6,23.7
"11-03-2017",74.6,8.93,222.9,55.4,19
"11-04-2017",93.4,10.33,107.9,51.8,20.9
"11-05-2017",175.1,13.2,176.4,64.4,24.3
"11-06-2017",0,7.7,116.2,44.6,0
"11-07-2017",31.3,8.3,56.8,42.8,11.2
"11-08-2017",10.1,4.68,151.3,44.6,11.5
"11-09-2017",64.1,9.84,216.5,44.6,9
"11-10-2017",1.1,11.77,196.8,11611.4,0.4
"11-11-2017",1.4,9.35,122.1,5919.8,0.4
"11-12-2017",0,7.27,131.7,37.4,0
"11-13-2017",2.6,6.64,248.7,41,6.5
"11-14-2017",15.8,5.19,182.6,41,10.9
"11-15-2017",101.7,13.78,163.6,42.8,15.6
"11-16-2017",47.9,14.41,270.5,41,5.9
"11-17-2017",59.8,8.25,191.1,41,11.3
"11-18-2017",99.3,14.29,187.5,48.2,16.2
"11-19-2017",0,17.2,270.3,78.8,0
"11-20-2017",11,14.81,206.6,4251.2,3.4
"11-21-2017",211.2,17.96,208.9,46.4,12.2
"11-22-2017",3.6,8.88,280.6,2213.6,1.4
"11-23-2017",0,9.26,206.3,5538.2,0
"11-24-2017",0,15.35,191.2,42.8,0
"11-25-2017",0,15.01,253.6,48.2,0.1
"11-26-2017",0,11.23,260.2,37.4,0
"11-27-2017",1.9,9.04,212.1,44.6,3.5
"11-28-2017",140.6,16.71,192.3,57.2,11.5
"11-29-2016",101.8,11.54,165.6,59,20.8
"11-29-2017",91.6,9.04,279.4,51.8,19.1
"11-30-2016",134.6,11.59,188.4,57.2,21.8
"12-01-2016",247.5,14.52,241.6,41,24.8
"12-02-2016",119.9,11.83,257.3,39.2,20.7
"12-03-2016",29.6,7.07,256,39.2,16.1
"12-04-2016",41.4,8.12,162,37.4,9.2
"12-05-2016",95.7,9.28,218.5,39.2,17.1
"12-06-2016",194.1,12.8,127.3,39.2,22.5
"12-07-2016",63.9,11.03,239.2,37.4,15.3
"12-08-2016",268.7,14.7,247.5,9129.2,24.6
"12-09-2016",149.9,11.97,242.9,11082.2,23.5
"12-10-2016",134.6,11.1,235.1,11818.4,21.8
"12-11-2016",98.8,9.86,158,7991.6,20.5
"12-12-2016",133.3,11.92,242.2,485.6,19.6
"12-13-2016",49.9,8.12,226.3,8843,17.2
"12-14-2016",158.4,12.03,242.3,11818.4,21.3
"12-15-2016",259.7,14.29,252.8,11811.2,24.3
"12-16-2016",11.9,9.15,171.3,11809.4,3.2
"12-17-2016",0,10.6,185.2,3518.6,0.1
"12-18-2016",0.6,7.34,251.4,10477.4,4.9
"12-19-2016",15.4,7.16,201.1,11816.6,13.2
"12-20-2016",152,13.47,196.7,6240.2,15.4
"12-21-2016",130.4,11.68,184.9,35.6,22.5
"12-22-2016",110.9,10.87,258.7,39.2,20.6
"12-23-2016",77.2,9.89,182.7,37.4,20
"12-24-2016",79.6,8.9,252.3,41,18
"12-25-2016",56.1,7.58,98.9,35.6,13.8
"12-26-2016",312.8,16.26,174.5,53.6,24.9
"12-27-2016",233.7,13.98,252.6,39.2,24.1
"12-28-2016",80.2,9.24,210.9,35.6,18.9
"12-29-2016",151.4,12.01,231.3,37.4,22.1
